死	63	64	0.96256	1
打	45	46	0.948357	0.90
亂	42	42	1	0.90
失	37	37	1	0.90
不	32	34	0.867186	0.90
傷	33	33	1	0.90
驚	27	30	0.785993	0.90
動	25	30	0.671097	0.90
惡	29	29	1	0.90
擊	28	28	1	0.90
怒	27	28	0.916793	0.90
落	27	27	1	0.90
強	21	27	0.588187	0.90
痛	25	26	0.910731	0.90
過	22	26	0.691782	0.90
破	24	24	1	0.90
壞	24	24	1	0.90
老	22	24	0.817814	0.90
苦	19	24	0.607953	0.90
反	23	23	1	0.90
暴	23	23	1	0.90
子	22	23	0.899778	0.90
害	22	22	1	0.90
小	21	22	0.895504	0.90
沈	21	22	0.895504	0.90
狂	16	22	0.521123	0.90
弄	21	21	1	0.90
難	20	21	0.890849	0.90
殺	20	20	1	0.90
壓	20	20	1	0.90
退	18	19	0.880175	0.90
猛	18	19	0.880175	0.90
悲	16	19	0.685182	0.90
流	15	19	0.604791	0.85
下	18	18	1	0.85
急	18	18	1	0.85
倒	18	18	1	0.85
掉	18	18	1	0.85
斷	15	18	0.671097	0.85
污	17	17	1	0.85
低	17	17	1	0.85
病	17	17	1	0.85
冷	16	17	0.867186	0.85
走	16	16	1	0.85
刺	16	16	1	0.85
碎	16	16	1	0.85
疑	16	16	1	0.85
離	16	16	1	0.85
雜	16	16	1	0.85
戰	15	16	0.859575	0.85
絕	14	16	0.740703	0.85
分	13	16	0.638775	0.85
無	13	16	0.638775	0.85
犯	15	15	1	0.85
恨	15	15	1	0.85
毒	15	15	1	0.85
慘	15	15	1	0.85
憤	15	15	1	0.85
頭	15	15	1	0.85
去	14	15	0.851039	0.85
爛	14	15	0.851039	0.85
作	13	15	0.726218	0.85
困	14	14	1	0.85
臭	14	14	1	0.85
鬼	14	14	1	0.85
敗	14	14	1	0.80
暗	14	14	1	0.80
罪	14	14	1	0.80
錯	14	14	1	0.80
衝	13	14	0.841397	0.80
鬧	12	14	0.710018	0.80
迷	11	14	0.599407	0.80
責	11	14	0.599407	0.80
一	10	14	0.505001	0.80
求	10	14	0.505001	0.80
欠	13	13	1	0.80
弱	13	13	1	0.80
混	13	13	1	0.80
陰	13	13	1	0.80
毀	13	13	1	0.80
止	12	13	0.830422	0.80
哀	12	13	0.830422	0.80
鬥	11	13	0.691782	0.80
謀	11	13	0.691782	0.80
中	10	13	0.57632	0.80
放	10	13	0.57632	0.80
極	10	13	0.57632	0.80
砍	12	12	1	0.80
假	12	12	1	0.80
悶	12	12	1	0.80
裂	12	12	1	0.80
損	12	12	1	0.80
煩	12	12	1	0.80
誤	12	12	1	0.80
口	11	12	0.817814	0.80
住	11	12	0.817814	0.80
散	11	12	0.817814	0.80
虛	11	12	0.817814	0.75
地	10	12	0.671097	0.75
變	10	12	0.671097	0.75
忍	9	12	0.55041	0.75
取	9	12	0.55041	0.75
負	9	12	0.55041	0.75
奪	9	12	0.55041	0.75
叫	11	11	1	0.75
侵	11	11	1	0.75
怨	11	11	1	0.75
胡	11	11	1	0.75
恐	11	11	1	0.75
荒	11	11	1	0.75
蛋	11	11	1	0.75
陷	11	11	1	0.75
禁	11	11	1	0.75
漏	11	11	1	0.75
罵	11	11	1	0.75
橫	11	11	1	0.75
爭	10	11	0.803181	0.75
偏	10	11	0.803181	0.75
異	10	11	0.803181	0.75
羞	10	11	0.803181	0.75
減	10	11	0.803181	0.75
視	10	11	0.803181	0.75
對	10	11	0.803181	0.75
膽	10	11	0.803181	0.75
緊	9	11	0.647437	0.75
辯	9	11	0.647437	0.75
手	8	11	0.521123	0.75
吃	8	11	0.521123	0.75
命	8	11	0.521123	0.75
幹	8	11	0.521123	0.70
未	10	10	1	0.70
劣	10	10	1	0.70
沉	10	10	1	0.70
怪	10	10	1	0.70
昏	10	10	1	0.70
狗	10	10	1	0.70
空	10	10	1	0.70
迫	10	10	1	0.70
哭	10	10	1	0.70
偷	10	10	1	0.70
棄	10	10	1	0.70
粗	10	10	1	0.70
惱	10	10	1	0.70
撞	10	10	1	0.70
嚇	10	10	1	0.70
卑	9	10	0.785993	0.70
誘	9	10	0.785993	0.70
避	9	10	0.785993	0.70
受	8	10	0.620108	0.70
亡	9	9	1	0.70
危	9	9	1	0.70
屁	9	9	1	0.70
沒	9	9	1	0.70
冒	9	9	1	0.70
差	9	9	1	0.70
逃	9	9	1	0.70
貪	9	9	1	0.70
喪	9	9	1	0.70
殘	9	9	1	0.70
搞	9	9	1	0.70
違	9	9	1	0.70
嘆	9	9	1	0.65
禍	9	9	1	0.65
廢	9	9	1	0.65
憂	9	9	1	0.65
敵	9	9	1	0.65
險	9	9	1	0.65
擾	9	9	1	0.65
懶	9	9	1	0.65
騙	9	9	1	0.65
懼	9	9	1	0.65
蠢	9	9	1	0.65
鬱	9	9	1	0.65
肥	8	9	0.765515	0.65
恥	8	9	0.765515	0.65
費	8	9	0.765515	0.65
劇	8	9	0.765515	0.65
色	7	9	0.588187	0.65
烈	7	9	0.588187	0.65
處	7	9	0.588187	0.65
八	8	8	1	0.65
仇	8	8	1	0.65
巴	8	8	1	0.65
火	8	8	1	0.65
世	8	8	1	0.65
斥	8	8	1	0.65
兇	8	8	1	0.65
呆	8	8	1	0.65
吵	8	8	1	0.65
忌	8	8	1	0.65
扭	8	8	1	0.65
扯	8	8	1	0.65
私	8	8	1	0.65
阻	8	8	1	0.60
狠	8	8	1	0.60
背	8	8	1	0.60
疲	8	8	1	0.60
衰	8	8	1	0.60
張	8	8	1	0.60
笨	8	8	1	0.60
欺	8	8	1	0.60
焦	8	8	1	0.60
訴	8	8	1	0.60
塞	8	8	1	0.60
愚	8	8	1	0.60
愁	8	8	1	0.60
厭	8	8	1	0.60
窮	8	8	1	0.60
豬	8	8	1	0.60
濫	8	8	1	0.60
糟	8	8	1	0.60
縮	8	8	1	0.60
薄	8	8	1	0.60
隱	8	8	1	0.60
翻	8	8	1	0.60
少	7	8	0.740703	0.60
水	7	8	0.740703	0.60
追	7	8	0.740703	0.60
問	7	8	0.740703	0.60
眼	7	8	0.740703	0.60
逼	7	8	0.740703	0.60
瘋	7	8	0.740703	0.60
促	6	8	0.55041	0.60
推	6	8	0.55041	0.60
誇	6	8	0.55041	0.60
擔	6	8	0.55041	0.55
魔	6	8	0.55041	0.55
乏	7	7	1	0.55
丟	7	7	1	0.55
尖	7	7	1	0.55
告	7	7	1	0.55
吹	7	7	1	0.55
役	7	7	1	0.55
抗	7	7	1	0.55
折	7	7	1	0.55
孤	7	7	1	0.55
延	7	7	1	0.55
怕	7	7	1	0.55
拖	7	7	1	0.55
缺	7	7	1	0.55
辱	7	7	1	0.55
欲	7	7	1	0.55
淚	7	7	1	0.55
痕	7	7	1	0.55
麻	7	7	1	0.55
割	7	7	1	0.55
圍	7	7	1	0.55
短	7	7	1	0.55
傾	7	7	1	0.55
惹	7	7	1	0.55
搖	7	7	1	0.55
滅	7	7	1	0.55
裝	7	7	1	0.55
腐	7	7	1	0.55
酸	7	7	1	0.55
皺	7	7	1	0.55
賤	7	7	1	0.55
餓	7	7	1	0.50
燒	7	7	1	0.50
蕩	7	7	1	0.50
遲	7	7	1	0.50
擠	7	7	1	0.50
醜	7	7	1	0.50
顫	7	7	1	0.50
太	6	7	0.710018	0.50
批	6	7	0.710018	0.50
物	6	7	0.710018	0.50
浪	6	7	0.710018	0.50
脫	6	7	0.710018	0.50
敢	6	7	0.710018	0.50
傲	6	7	0.710018	0.50
境	6	7	0.710018	0.50
歎	6	7	0.710018	0.50
刻	5	7	0.505001	0.50
度	5	7	0.505001	0.50
畏	5	7	0.505001	0.50
突	5	7	0.505001	0.50
掌	5	7	0.505001	0.50
夢	5	7	0.505001	0.50
遠	5	7	0.505001	0.50
刀	6	6	1	0.50
凶	6	6	1	0.50
毛	6	6	1	0.50
外	6	6	1	0.50
伏	6	6	1	0.50
回	6	6	1	0.50
奸	6	6	1	0.50
忙	6	6	1	0.50
肉	6	6	1	0.50
血	6	6	1	0.45
何	6	6	1	0.45
吞	6	6	1	0.45
屈	6	6	1	0.45
拉	6	6	1	0.45
叛	6	6	1	0.45
垂	6	6	1	0.45
挑	6	6	1	0.45
歪	6	6	1	0.45
食	6	6	1	0.45
捕	6	6	1	0.45
疾	6	6	1	0.45
馬	6	6	1	0.45
偽	6	6	1	0.45
勒	6	6	1	0.45
累	6	6	1	0.45
被	6	6	1	0.45
貧	6	6	1	0.45
野	6	6	1	0.45
寒	6	6	1	0.45
惑	6	6	1	0.45
惶	6	6	1	0.45
盜	6	6	1	0.45
硬	6	6	1	0.45
結	6	6	1	0.45
慌	6	6	1	0.45
隔	6	6	1	0.45
慢	6	6	1	0.45
滯	6	6	1	0.45
鄙	6	6	1	0.45
駁	6	6	1	0.45
僵	6	6	1	0.45
撕	6	6	1	0.40
論	6	6	1	0.40
賭	6	6	1	0.40
震	6	6	1	0.40
諷	6	6	1	0.40
藏	6	6	1	0.40
爆	6	6	1	0.40
躁	6	6	1	0.40
竊	6	6	1	0.40
以	5	6	0.671097	0.40
判	5	6	0.671097	0.40
投	5	6	0.671097	0.40
攻	5	6	0.671097	0.40
威	5	6	0.671097	0.40
徒	5	6	0.671097	0.40
停	5	6	0.671097	0.40
淡	5	6	0.671097	0.40
潛	5	6	0.671097	0.40
乞	5	5	1	0.40
干	5	5	1	0.40
夭	5	5	1	0.40
凹	5	5	1	0.40
占	5	5	1	0.40
刑	5	5	1	0.40
汙	5	5	1	0.40
佔	5	5	1	0.40
束	5	5	1	0.40
刮	5	5	1	0.40
拒	5	5	1	0.40
板	5	5	1	0.40
玩	5	5	1	0.40
盲	5	5	1	0.40
雨	5	5	1	0.35
削	5	5	1	0.35
故	5	5	1	0.35
染	5	5	1	0.35
枯	5	5	1	0.35
洩	5	5	1	0.35
限	5	5	1	0.35
降	5	5	1	0.35
凌	5	5	1	0.35
埋	5	5	1	0.35
狼	5	5	1	0.35
逆	5	5	1	0.35
做	5	5	1	0.35
執	5	5	1	0.35
寂	5	5	1	0.35
控	5	5	1	0.35
貶	5	5	1	0.35
跛	5	5	1	0.35
閒	5	5	1	0.35
嫌	5	5	1	0.35
媽	5	5	1	0.35
腳	5	5	1	0.35
雷	5	5	1	0.35
頑	5	5	1	0.35
滾	5	5	1	0.35
漠	5	5	1	0.35
罰	5	5	1	0.35
蝕	5	5	1	0.35
語	5	5	1	0.35
嘴	5	5	1	0.35
罷	5	5	1	0.35
賣	5	5	1	0.35
遺	5	5	1	0.30
擦	5	5	1	0.30
舊	5	5	1	0.30
騷	5	5	1	0.30
纏	5	5	1	0.30
轟	5	5	1	0.30
襲	5	5	1	0.30
髒	5	5	1	0.30
指	4	5	0.620108	0.30
惜	4	5	0.620108	0.30
復	4	5	0.620108	0.30
慨	4	5	0.620108	0.30
傳	4	5	0.620108	0.30
溺	4	5	0.620108	0.30
煞	4	5	0.620108	0.30
價	4	5	0.620108	0.30
緩	4	5	0.620108	0.30
質	4	5	0.620108	0.30
題	4	5	0.620108	0.30
三	4	4	1	0.30
冗	4	4	1	0.30
牙	4	4	1	0.30
奴	4	4	1	0.30
巨	4	4	1	0.30
吊	4	4	1	0.30
吐	4	4	1	0.30
妄	4	4	1	0.30
曲	4	4	1	0.30
你	4	4	1	0.30
劫	4	4	1	0.30
否	4	4	1	0.30
吠	4	4	1	0.30
吼	4	4	1	0.25
妒	4	4	1	0.25
抖	4	4	1	0.25
抓	4	4	1	0.25
抑	4	4	1	0.25
災	4	4	1	0.25
邪	4	4	1	0.25
兒	4	4	1	0.25
咒	4	4	1	0.25
忽	4	4	1	0.25
怖	4	4	1	0.25
抽	4	4	1	0.25
抵	4	4	1	0.25
拘	4	4	1	0.25
武	4	4	1	0.25
泥	4	4	1	0.25
哇	4	4	1	0.25
哄	4	4	1	0.25
姦	4	4	1	0.25
後	4	4	1	0.25
怠	4	4	1	0.25
挖	4	4	1	0.25
炸	4	4	1	0.25
狡	4	4	1	0.25
耍	4	4	1	0.25
胖	4	4	1	0.25
虐	4	4	1	0.25
剝	4	4	1	0.25
射	4	4	1	0.25
拳	4	4	1	0.25
挫	4	4	1	0.25
狹	4	4	1	0.25
索	4	4	1	0.20
耗	4	4	1	0.20
草	4	4	1	0.20
酒	4	4	1	0.20
患	4	4	1	0.20
淺	4	4	1	0.20
淫	4	4	1	0.20
疏	4	4	1	0.20
逐	4	4	1	0.20
鳥	4	4	1	0.20
喧	4	4	1	0.20
萎	4	4	1	0.20
詐	4	4	1	0.20
黑	4	4	1	0.20
愧	4	4	1	0.20
暈	4	4	1	0.20
碰	4	4	1	0.20
置	4	4	1	0.20
葬	4	4	1	0.20
詭	4	4	1	0.20
賊	4	4	1	0.20
嘔	4	4	1	0.20
圖	4	4	1	0.20
態	4	4	1	0.20
摸	4	4	1	0.20
漢	4	4	1	0.20
算	4	4	1	0.20
蒙	4	4	1	0.20
趕	4	4	1	0.20
嘲	4	4	1	0.20
彈	4	4	1	0.20
憎	4	4	1	0.20
蔽	4	4	1	0.15
蔑	4	4	1	0.15
餘	4	4	1	0.15
瞞	4	4	1	0.15
諱	4	4	1	0.15
輸	4	4	1	0.15
謗	4	4	1	0.15
謊	4	4	1	0.15
蟲	4	4	1	0.15
謬	4	4	1	0.15
礙	4	4	1	0.15
辭	4	4	1	0.15
觸	4	4	1	0.15
囂	4	4	1	0.15
露	4	4	1	0.15
屌	4	4	1	0.15
收	3	4	0.55041	0.15
忘	3	4	0.55041	0.15
怯	3	4	0.55041	0.15
招	3	4	0.55041	0.15
花	3	4	0.55041	0.15
計	3	4	0.55041	0.15
軟	3	4	0.55041	0.15
透	3	4	0.55041	0.15
漫	3	4	0.55041	0.15
賴	3	4	0.55041	0.15
臉	3	4	0.55041	0.15
聽	3	4	0.55041	0.15
女	3	3	1	0.1
勾	3	3	1	0.1
幻	3	3	1	0.1
王	3	3	1	0.1
付	3	3	1	0.1
他	3	3	1	0.1
仗	3	3	1	0.1
匆	3	3	1	0.1
叨	3	3	1	0.1
瓜	3	3	1	0.1
甩	3	3	1	0.1
申	3	3	1	0.1
示	3	3	1	0.1
扣	3	3	1	0.1
次	3	3	1	0.1
吝	3	3	1	0.1
妨	3	3	1	0.1
巫	3	3	1	0.1
扼	3	3	1	0.1
更	3	3	1	0.1
灼	3	3	1	0.1
赤	3	3	1	0.1
辛	3	3	1	0.1
忿	3	3	1	0.1
抹	3	3	1	0.1
押	3	3	1	0.1
拗	3	3	1	0.1
拆	3	3	1	0.1
歧	3	3	1	0.1
泣	3	3	1	0.1
疚	3	3	1	0.1
股	3	3	1	0.1
侮	3	3	1	0.1
卻	3	3	1	0.1
咬	3	3	1	0.1
咽	3	3	1	0.1
咧	3	3	1	0.1
垮	3	3	1	0.1
屎	3	3	1	0.1
扁	3	3	1	0.1
昧	3	3	1	0.1
架	3	3	1	0.1
洞	3	3	1	0.1
陋	3	3	1	0.1
匪	3	3	1	0.1
哼	3	3	1	0.1
娘	3	3	1	0.1
宰	3	3	1	0.1
浮	3	3	1	0.1
祟	3	3	1	0.1
秘	3	3	1	0.1
託	3	3	1	0.1
骨	3	3	1	0.1
乾	3	3	1	0.1
啪	3	3	1	0.1
婦	3	3	1	0.1
婆	3	3	1	0.1
屠	3	3	1	0.1
措	3	3	1	0.1
掩	3	3	1	0.1
淒	3	3	1	0.1
淪	3	3	1	0.1
牽	3	3	1	0.1
略	3	3	1	0.1
蛀	3	3	1	0.1
訝	3	3	1	0.1
閉	3	3	1	0.1
陳	3	3	1	0.1
喊	3	3	1	0.1
單	3	3	1	0.1
場	3	3	1	0.1
惰	3	3	1	0.1
揮	3	3	1	0.1
斑	3	3	1	0.1
棍	3	3	1	0.1
渣	3	3	1	0.1
窘	3	3	1	0.1
跑	3	3	1	0.1
跌	3	3	1	0.1
鈍	3	3	1	0.1
催	3	3	1	0.1
傻	3	3	1	0.1
塌	3	3	1	0.1
嫉	3	3	1	0.1
搶	3	3	1	0.1
煙	3	3	1	0.1
肆	3	3	1	0.1
該	3	3	1	0.1
路	3	3	1	0.1
跳	3	3	1	0.1
躲	3	3	1	0.1
遊	3	3	1	0.1
頓	3	3	1	0.1
飾	3	3	1	0.1
弊	3	3	1	0.1
慚	3	3	1	0.1
撤	3	3	1	0.1
摑	3	3	1	0.1
榨	3	3	1	0.1
槍	3	3	1	0.1
歉	3	3	1	0.1
獄	3	3	1	0.1
監	3	3	1	0.1
竭	3	3	1	0.1
賒	3	3	1	0.1
酷	3	3	1	0.1
障	3	3	1	0.1
劈	3	3	1	0.1
嘮	3	3	1	0.1
撒	3	3	1	0.1
潰	3	3	1	0.1
瘦	3	3	1	0.1
瞎	3	3	1	0.1
糊	3	3	1	0.1
課	3	3	1	0.1
踢	3	3	1	0.1
遭	3	3	1	0.1
燙	3	3	1	0.1
磨	3	3	1	0.1
斃	3	3	1	0.1
燥	3	3	1	0.1
瞧	3	3	1	0.1
縱	3	3	1	0.1
聳	3	3	1	0.1
艱	3	3	1	0.1
虧	3	3	1	0.1
謠	3	3	1	0.1
點	3	3	1	0.1
濺	3	3	1	0.1
覆	3	3	1	0.1
雞	3	3	1	0.1
顛	3	3	1	0.1
嚷	3	3	1	0.1
孽	3	3	1	0.1
議	3	3	1	0.1
饑	3	3	1	0.1
驅	3	3	1	0.1
蠻	3	3	1	0.1
凄	3	3	1	0.1
么	2	2	1	0.1
己	2	2	1	0.1
戈	2	2	1	0.1
仔	2	2	1	0.1
代	2	2	1	0.1
令	2	2	1	0.1
包	2	2	1	0.1
囚	2	2	1	0.1
末	2	2	1	0.1
民	2	2	1	0.1
矛	2	2	1	0.1
交	2	2	1	0.1
仿	2	2	1	0.1
伙	2	2	1	0.1
兆	2	2	1	0.1
共	2	2	1	0.1
再	2	2	1	0.1
冰	2	2	1	0.1
灰	2	2	1	0.1
刪	2	2	1	0.1
坑	2	2	1	0.1
妓	2	2	1	0.1
局	2	2	1	0.1
尿	2	2	1	0.1
庇	2	2	1	0.1
我	2	2	1	0.1
抄	2	2	1	0.1
貝	2	2	1	0.1
車	2	2	1	0.1
迂	2	2	1	0.1
乖	2	2	1	0.1
供	2	2	1	0.1
來	2	2	1	0.1
卒	2	2	1	0.1
呸	2	2	1	0.1
咕	2	2	1	0.1
咎	2	2	1	0.1
夜	2	2	1	0.1
奈	2	2	1	0.1
奔	2	2	1	0.1
拋	2	2	1	0.1
拙	2	2	1	0.1
拍	2	2	1	0.1
抱	2	2	1	0.1
沾	2	2	1	0.1
糾	2	2	1	0.1
軋	2	2	1	0.1
封	2	2	1	0.1
怎	2	2	1	0.1
是	2	2	1	0.1
查	2	2	1	0.1
殃	2	2	1	0.1
洪	2	2	1	0.1
炮	2	2	1	0.1
疤	2	2	1	0.1
穿	2	2	1	0.1
苛	2	2	1	0.1
苟	2	2	1	0.1
軌	2	2	1	0.1
倦	2	2	1	0.1
倚	2	2	1	0.1
冤	2	2	1	0.1
凋	2	2	1	0.1
剔	2	2	1	0.1
唐	2	2	1	0.1
唉	2	2	1	0.1
峻	2	2	1	0.1
悍	2	2	1	0.1
捆	2	2	1	0.1
捏	2	2	1	0.1
捉	2	2	1	0.1
挨	2	2	1	0.1
浸	2	2	1	0.1
涉	2	2	1	0.1
烙	2	2	1	0.1
畜	2	2	1	0.1
症	2	2	1	0.1
砰	2	2	1	0.1
紋	2	2	1	0.1
羔	2	2	1	0.1
脅	2	2	1	0.1
脆	2	2	1	0.1
茫	2	2	1	0.1
蚊	2	2	1	0.1
記	2	2	1	0.1
針	2	2	1	0.1
啞	2	2	1	0.1
圈	2	2	1	0.1
奢	2	2	1	0.1
婉	2	2	1	0.1
娼	2	2	1	0.1
寄	2	2	1	0.1
崩	2	2	1	0.1
庸	2	2	1	0.1
悼	2	2	1	0.1
掠	2	2	1	0.1
探	2	2	1	0.1
排	2	2	1	0.1
梗	2	2	1	0.1
猜	2	2	1	0.1
猖	2	2	1	0.1
球	2	2	1	0.1
逗	2	2	1	0.1
逝	2	2	1	0.1
逞	2	2	1	0.1
竟	2	2	1	0.1
傢	2	2	1	0.1
唾	2	2	1	0.1
惺	2	2	1	0.1
惴	2	2	1	0.1
揍	2	2	1	0.1
揭	2	2	1	0.1
渡	2	2	1	0.1
焚	2	2	1	0.1
筋	2	2	1	0.1
絞	2	2	1	0.1
脾	2	2	1	0.1
菌	2	2	1	0.1
趁	2	2	1	0.1
鄉	2	2	1	0.1
閑	2	2	1	0.1
飲	2	2	1	0.1
債	2	2	1	0.1
嗇	2	2	1	0.1
嗚	2	2	1	0.1
填	2	2	1	0.1
慄	2	2	1	0.1
愴	2	2	1	0.1
搜	2	2	1	0.1
搗	2	2	1	0.1
業	2	2	1	0.1
猾	2	2	1	0.1
瑕	2	2	1	0.1
畸	2	2	1	0.1
矮	2	2	1	0.1
腫	2	2	1	0.1
腹	2	2	1	0.1
賄	2	2	1	0.1
遇	2	2	1	0.1
遏	2	2	1	0.1
遁	2	2	1	0.1
電	2	2	1	0.1
墓	2	2	1	0.1
寞	2	2	1	0.1
敲	2	2	1	0.1
滲	2	2	1	0.1
煽	2	2	1	0.1
瑣	2	2	1	0.1
種	2	2	1	0.1
聞	2	2	1	0.1
裸	2	2	1	0.1
製	2	2	1	0.1
魂	2	2	1	0.1
麼	2	2	1	0.1
僻	2	2	1	0.1
厲	2	2	1	0.1
噎	2	2	1	0.1
噴	2	2	1	0.1
嘯	2	2	1	0.1
影	2	2	1	0.1
徵	2	2	1	0.1
慾	2	2	1	0.1
戮	2	2	1	0.1
撬	2	2	1	0.1
暫	2	2	1	0.1
模	2	2	1	0.1
毆	2	2	1	0.1
潮	2	2	1	0.1
瘡	2	2	1	0.1
蔓	2	2	1	0.1
複	2	2	1	0.1
誕	2	2	1	0.1
誹	2	2	1	0.1
踩	2	2	1	0.1
遮	2	2	1	0.1
遷	2	2	1	0.1
銷	2	2	1	0.1
魄	2	2	1	0.1
魯	2	2	1	0.1
噪	2	2	1	0.1
憾	2	2	1	0.1
懊	2	2	1	0.1
懈	2	2	1	0.1
操	2	2	1	0.1
濃	2	2	1	0.1
濁	2	2	1	0.1
窺	2	2	1	0.1
篡	2	2	1	0.1
縛	2	2	1	0.1
鋸	2	2	1	0.1
隨	2	2	1	0.1
頹	2	2	1	0.1
駭	2	2	1	0.1
擱	2	2	1	0.1
癌	2	2	1	0.1
繃	2	2	1	0.1
膺	2	2	1	0.1
褻	2	2	1	0.1
黜	2	2	1	0.1
鼾	2	2	1	0.1
擺	2	2	1	0.1
穢	2	2	1	0.1
竄	2	2	1	0.1
繞	2	2	1	0.1
藉	2	2	1	0.1
贅	2	2	1	0.1
轉	2	2	1	0.1
闖	2	2	1	0.1
鞭	2	2	1	0.1
懲	2	2	1	0.1
獸	2	2	1	0.1
癡	2	2	1	0.1
藥	2	2	1	0.1
勸	2	2	1	0.1
癢	2	2	1	0.1
贓	2	2	1	0.1
醺	2	2	1	0.1
霸	2	2	1	0.1
囊	2	2	1	0.1
驕	2	2	1	0.1
癲	2	2	1	0.1
咂	2	2	1	0.1
啥	2	2	1	0.1
跩	2	2	1	0.1
噁	2	2	1	0.1
噘	2	2	1	0.1
憋	2	2	1	0.1
謅	2	2	1	0.1
七	1	1	1	0.1
刁	1	1	1	0.1
匕	1	1	1	0.1
刃	1	1	1	0.1
千	1	1	1	0.1
叉	1	1	1	0.1
土	1	1	1	0.1
已	1	1	1	0.1
丐	1	1	1	0.1
五	1	1	1	0.1
什	1	1	1	0.1
介	1	1	1	0.1
厄	1	1	1	0.1
孔	1	1	1	0.1
尤	1	1	1	0.1
扎	1	1	1	0.1
木	1	1	1	0.1
歹	1	1	1	0.1
片	1	1	1	0.1
牛	1	1	1	0.1
犬	1	1	1	0.1
且	1	1	1	0.1
北	1	1	1	0.1
半	1	1	1	0.1
卡	1	1	1	0.1
叱	1	1	1	0.1
四	1	1	1	0.1
奶	1	1	1	0.1
市	1	1	1	0.1
幼	1	1	1	0.1
扔	1	1	1	0.1
旦	1	1	1	0.1
氾	1	1	1	0.1
瓦	1	1	1	0.1
田	1	1	1	0.1
皮	1	1	1	0.1
穴	1	1	1	0.1
伍	1	1	1	0.1
向	1	1	1	0.1
因	1	1	1	0.1
字	1	1	1	0.1
存	1	1	1	0.1
托	1	1	1	0.1
早	1	1	1	0.1
朽	1	1	1	0.1
羊	1	1	1	0.1
艾	1	1	1	0.1
但	1	1	1	0.1
佈	1	1	1	0.1
兵	1	1	1	0.1
吾	1	1	1	0.1
呈	1	1	1	0.1
吶	1	1	1	0.1
呀	1	1	1	0.1
吟	1	1	1	0.1
坍	1	1	1	0.1
圾	1	1	1	0.1
坐	1	1	1	0.1
夾	1	1	1	0.1
妖	1	1	1	0.1
尬	1	1	1	0.1
岔	1	1	1	0.1
形	1	1	1	0.1
找	1	1	1	0.1
扮	1	1	1	0.1
李	1	1	1	0.1
沙	1	1	1	0.1
沌	1	1	1	0.1
禿	1	1	1	0.1
系	1	1	1	0.1
肖	1	1	1	0.1
肚	1	1	1	0.1
角	1	1	1	0.1
里	1	1	1	0.1
阱	1	1	1	0.1
佯	1	1	1	0.1
侈	1	1	1	0.1
佻	1	1	1	0.1
兩	1	1	1	0.1
劾	1	1	1	0.1
卸	1	1	1	0.1
呻	1	1	1	0.1
咆	1	1	1	0.1
垃	1	1	1	0.1
坡	1	1	1	0.1
委	1	1	1	0.1
姑	1	1	1	0.1
居	1	1	1	0.1
店	1	1	1	0.1
戾	1	1	1	0.1
抨	1	1	1	0.1
拐	1	1	1	0.1
拎	1	1	1	0.1
析	1	1	1	0.1
氓	1	1	1	0.1
波	1	1	1	0.1
沫	1	1	1	0.1
油	1	1	1	0.1
沮	1	1	1	0.1
泛	1	1	1	0.1
泊	1	1	1	0.1
炎	1	1	1	0.1
爸	1	1	1	0.1
疝	1	1	1	0.1
疙	1	1	1	0.1
肩	1	1	1	0.1
芭	1	1	1	0.1
虎	1	1	1	0.1
阿	1	1	1	0.1
侷	1	1	1	0.1
剋	1	1	1	0.1
哎	1	1	1	0.1
咳	1	1	1	0.1
咯	1	1	1	0.1
垢	1	1	1	0.1
城	1	1	1	0.1
宣	1	1	1	0.1
屍	1	1	1	0.1
峙	1	1	1	0.1
徊	1	1	1	0.1
恍	1	1	1	0.1
恫	1	1	1	0.1
拼	1	1	1	0.1
拷	1	1	1	0.1
政	1	1	1	0.1
昭	1	1	1	0.1
星	1	1	1	0.1
柄	1	1	1	0.1
炫	1	1	1	0.1
狩	1	1	1	0.1
玷	1	1	1	0.1
疫	1	1	1	0.1
眉	1	1	1	0.1
看	1	1	1	0.1
盾	1	1	1	0.1
研	1	1	1	0.1
科	1	1	1	0.1
秋	1	1	1	0.1
胎	1	1	1	0.1
郎	1	1	1	0.1
陌	1	1	1	0.1
亳	1	1	1	0.1
倔	1	1	1	0.1
俱	1	1	1	0.1
凍	1	1	1	0.1
唆	1	1	1	0.1
哩	1	1	1	0.1
哮	1	1	1	0.1
哦	1	1	1	0.1
哽	1	1	1	0.1
埃	1	1	1	0.1
套	1	1	1	0.1
奚	1	1	1	0.1
屑	1	1	1	0.1
席	1	1	1	0.1
恙	1	1	1	0.1
恣	1	1	1	0.1
悄	1	1	1	0.1
悚	1	1	1	0.1
悖	1	1	1	0.1
挾	1	1	1	0.1
晃	1	1	1	0.1
案	1	1	1	0.1
涕	1	1	1	0.1
海	1	1	1	0.1
烤	1	1	1	0.1
烏	1	1	1	0.1
狽	1	1	1	0.1
珠	1	1	1	0.1
疹	1	1	1	0.1
砲	1	1	1	0.1
窄	1	1	1	0.1
粉	1	1	1	0.1
紊	1	1	1	0.1
紛	1	1	1	0.1
耽	1	1	1	0.1
胸	1	1	1	0.1
訐	1	1	1	0.1
訌	1	1	1	0.1
訊	1	1	1	0.1
送	1	1	1	0.1
迴	1	1	1	0.1
陣	1	1	1	0.1
陡	1	1	1	0.1
飢	1	1	1	0.1
側	1	1	1	0.1
勘	1	1	1	0.1
唱	1	1	1	0.1
啕	1	1	1	0.1
唯	1	1	1	0.1
啜	1	1	1	0.1
堵	1	1	1	0.1
婪	1	1	1	0.1
婚	1	1	1	0.1
婊	1	1	1	0.1
宿	1	1	1	0.1
崎	1	1	1	0.1
帳	1	1	1	0.1
徘	1	1	1	0.1
惋	1	1	1	0.1
悴	1	1	1	0.1
悽	1	1	1	0.1
悻	1	1	1	0.1
悵	1	1	1	0.1
惕	1	1	1	0.1
惆	1	1	1	0.1
悸	1	1	1	0.1
惚	1	1	1	0.1
捲	1	1	1	0.1
捧	1	1	1	0.1
掘	1	1	1	0.1
掛	1	1	1	0.1
掙	1	1	1	0.1
斜	1	1	1	0.1
斬	1	1	1	0.1
條	1	1	1	0.1
涎	1	1	1	0.1
液	1	1	1	0.1
淌	1	1	1	0.1
淋	1	1	1	0.1
淹	1	1	1	0.1
淵	1	1	1	0.1
淆	1	1	1	0.1
猙	1	1	1	0.1
痔	1	1	1	0.1
疵	1	1	1	0.1
硫	1	1	1	0.1
窒	1	1	1	0.1
粕	1	1	1	0.1
絆	1	1	1	0.1
終	1	1	1	0.1
聊	1	1	1	0.1
莽	1	1	1	0.1
莫	1	1	1	0.1
荷	1	1	1	0.1
蛇	1	1	1	0.1
袒	1	1	1	0.1
訣	1	1	1	0.1
訛	1	1	1	0.1
貨	1	1	1	0.1
赧	1	1	1	0.1
魚	1	1	1	0.1
剩	1	1	1	0.1
厥	1	1	1	0.1
喀	1	1	1	0.1
啼	1	1	1	0.1
喋	1	1	1	0.1
喃	1	1	1	0.1
堪	1	1	1	0.1
媚	1	1	1	0.1
尋	1	1	1	0.1
廂	1	1	1	0.1
循	1	1	1	0.1
徨	1	1	1	0.1
愣	1	1	1	0.1
愕	1	1	1	0.1
愎	1	1	1	0.1
揉	1	1	1	0.1
插	1	1	1	0.1
敦	1	1	1	0.1
斯	1	1	1	0.1
棘	1	1	1	0.1
森	1	1	1	0.1
款	1	1	1	0.1
殖	1	1	1	0.1
渺	1	1	1	0.1
渾	1	1	1	0.1
牌	1	1	1	0.1
猶	1	1	1	0.1
猥	1	1	1	0.1
猴	1	1	1	0.1
痙	1	1	1	0.1
稅	1	1	1	0.1
窖	1	1	1	0.1
絮	1	1	1	0.1
絲	1	1	1	0.1
脹	1	1	1	0.1
菅	1	1	1	0.1
萌	1	1	1	0.1
菜	1	1	1	0.1
街	1	1	1	0.1
裁	1	1	1	0.1
評	1	1	1	0.1
詞	1	1	1	0.1
詛	1	1	1	0.1
詆	1	1	1	0.1
買	1	1	1	0.1
貿	1	1	1	0.1
跋	1	1	1	0.1
跚	1	1	1	0.1
辜	1	1	1	0.1
逮	1	1	1	0.1
隊	1	1	1	0.1
雇	1	1	1	0.1
飯	1	1	1	0.1
剷	1	1	1	0.1
剽	1	1	1	0.1
嗟	1	1	1	0.1
嗆	1	1	1	0.1
嗥	1	1	1	0.1
塗	1	1	1	0.1
塊	1	1	1	0.1
媾	1	1	1	0.1
徬	1	1	1	0.1
慍	1	1	1	0.1
搪	1	1	1	0.1
搭	1	1	1	0.1
搏	1	1	1	0.1
楊	1	1	1	0.1
楞	1	1	1	0.1
楣	1	1	1	0.1
滓	1	1	1	0.1
牒	1	1	1	0.1
瑟	1	1	1	0.1
痰	1	1	1	0.1
睜	1	1	1	0.1
稚	1	1	1	0.1
綁	1	1	1	0.1
腸	1	1	1	0.1
腥	1	1	1	0.1
腺	1	1	1	0.1
虜	1	1	1	0.1
號	1	1	1	0.1
蜇	1	1	1	0.1
詰	1	1	1	0.1
賂	1	1	1	0.1
跺	1	1	1	0.1
遂	1	1	1	0.1
遍	1	1	1	0.1
鉗	1	1	1	0.1
鉤	1	1	1	0.1
隘	1	1	1	0.1
隕	1	1	1	0.1
零	1	1	1	0.1
飽	1	1	1	0.1
鼠	1	1	1	0.1
僕	1	1	1	0.1
兢	1	1	1	0.1
劃	1	1	1	0.1
匱	1	1	1	0.1
嘀	1	1	1	0.1
嘗	1	1	1	0.1
嘈	1	1	1	0.1
團	1	1	1	0.1
塵	1	1	1	0.1
壽	1	1	1	0.1
寡	1	1	1	0.1
嶇	1	1	1	0.1
彆	1	1	1	0.1
慟	1	1	1	0.1
慵	1	1	1	0.1
摘	1	1	1	0.1
摔	1	1	1	0.1
摧	1	1	1	0.1
摻	1	1	1	0.1
槁	1	1	1	0.1
槓	1	1	1	0.1
漬	1	1	1	0.1
漸	1	1	1	0.1
爾	1	1	1	0.1
瘍	1	1	1	0.1
瘓	1	1	1	0.1
綜	1	1	1	0.1
綠	1	1	1	0.1
網	1	1	1	0.1
臺	1	1	1	0.1
舔	1	1	1	0.1
蓄	1	1	1	0.1
蓋	1	1	1	0.1
誡	1	1	1	0.1
誓	1	1	1	0.1
輒	1	1	1	0.1
遢	1	1	1	0.1
銅	1	1	1	0.1
閥	1	1	1	0.1
隙	1	1	1	0.1
頗	1	1	1	0.1
餌	1	1	1	0.1
骯	1	1	1	0.1
鳴	1	1	1	0.1
儈	1	1	1	0.1
嘩	1	1	1	0.1
噓	1	1	1	0.1
嘶	1	1	1	0.1
墟	1	1	1	0.1
墳	1	1	1	0.1
墜	1	1	1	0.1
墮	1	1	1	0.1
憚	1	1	1	0.1
憔	1	1	1	0.1
摩	1	1	1	0.1
撲	1	1	1	0.1
撐	1	1	1	0.1
撥	1	1	1	0.1
撓	1	1	1	0.1
數	1	1	1	0.1
暮	1	1	1	0.1
樣	1	1	1	0.1
潦	1	1	1	0.1
潸	1	1	1	0.1
獗	1	1	1	0.1
瘠	1	1	1	0.1
瘩	1	1	1	0.1
瘟	1	1	1	0.1
瘤	1	1	1	0.1
盤	1	1	1	0.1
瞋	1	1	1	0.1
碾	1	1	1	0.1
稽	1	1	1	0.1
膚	1	1	1	0.1
螂	1	1	1	0.1
諉	1	1	1	0.1
諂	1	1	1	0.1
諛	1	1	1	0.1
踐	1	1	1	0.1
醋	1	1	1	0.1
霆	1	1	1	0.1
霉	1	1	1	0.1
鞍	1	1	1	0.1
餒	1	1	1	0.1
駛	1	1	1	0.1
駑	1	1	1	0.1
髮	1	1	1	0.1
噹	1	1	1	0.1
噥	1	1	1	0.1
噱	1	1	1	0.1
壁	1	1	1	0.1
導	1	1	1	0.1
憑	1	1	1	0.1
憊	1	1	1	0.1
擋	1	1	1	0.1
據	1	1	1	0.1
擂	1	1	1	0.1
燃	1	1	1	0.1
燄	1	1	1	0.1
瘴	1	1	1	0.1
瘸	1	1	1	0.1
糕	1	1	1	0.1
蕭	1	1	1	0.1
蕪	1	1	1	0.1
覦	1	1	1	0.1
諜	1	1	1	0.1
豫	1	1	1	0.1
貓	1	1	1	0.1
蹂	1	1	1	0.1
踹	1	1	1	0.1
輻	1	1	1	0.1
醒	1	1	1	0.1
錐	1	1	1	0.1
錮	1	1	1	0.1
霍	1	1	1	0.1
頻	1	1	1	0.1
骸	1	1	1	0.1
鬨	1	1	1	0.1
嚎	1	1	1	0.1
尷	1	1	1	0.1
彌	1	1	1	0.1
懦	1	1	1	0.1
曖	1	1	1	0.1
濘	1	1	1	0.1
澀	1	1	1	0.1
獰	1	1	1	0.1
瞪	1	1	1	0.1
糞	1	1	1	0.1
糙	1	1	1	0.1
膿	1	1	1	0.1
臨	1	1	1	0.1
蟑	1	1	1	0.1
覬	1	1	1	0.1
謎	1	1	1	0.1
賽	1	1	1	0.1
購	1	1	1	0.1
輾	1	1	1	0.1
還	1	1	1	0.1
隸	1	1	1	0.1
懣	1	1	1	0.1
戳	1	1	1	0.1
攆	1	1	1	0.1
朦	1	1	1	0.1
瀆	1	1	1	0.1
繚	1	1	1	0.1
藐	1	1	1	0.1
蹙	1	1	1	0.1
蹣	1	1	1	0.1
蹤	1	1	1	0.1
鎖	1	1	1	0.1
鎮	1	1	1	0.1
雙	1	1	1	0.1
額	1	1	1	0.1
顏	1	1	1	0.1
鯊	1	1	1	0.1
壟	1	1	1	0.1
攏	1	1	1	0.1
簸	1	1	1	0.1
羅	1	1	1	0.1
譏	1	1	1	0.1
譙	1	1	1	0.1
躇	1	1	1	0.1
蹶	1	1	1	0.1
邋	1	1	1	0.1
霧	1	1	1	0.1
靡	1	1	1	0.1
饉	1	1	1	0.1
攔	1	1	1	0.1
朧	1	1	1	0.1
瀾	1	1	1	0.1
競	1	1	1	0.1
蠕	1	1	1	0.1
鏽	1	1	1	0.1
黨	1	1	1	0.1
懾	1	1	1	0.1
殲	1	1	1	0.1
灌	1	1	1	0.1
譴	1	1	1	0.1
躊	1	1	1	0.1
鐵	1	1	1	0.1
霹	1	1	1	0.1
黯	1	1	1	0.1
囉	1	1	1	0.1
聾	1	1	1	0.1
贖	1	1	1	0.1
攣	1	1	1	0.1
攫	1	1	1	0.1
攪	1	1	1	0.1
曬	1	1	1	0.1
蠱	1	1	1	0.1
癱	1	1	1	0.1
羈	1	1	1	0.1
蠶	1	1	1	0.1
贛	1	1	1	0.1
魘	1	1	1	0.1
釁	1	1	1	0.1
驢	1	1	1	0.1
躪	1	1	1	0.1
囡	1	1	1	0.1
忡	1	1	1	0.1
屄	1	1	1	0.1
沓	1	1	1	0.1
肏	1	1	1	0.1
肮	1	1	1	0.1
剉	1	1	1	0.1
孬	1	1	1	0.1
恁	1	1	1	0.1
掐	1	1	1	0.1
啷	1	1	1	0.1
喵	1	1	1	0.1
揶	1	1	1	0.1
揄	1	1	1	0.1
棱	1	1	1	0.1
嗒	1	1	1	0.1
搐	1	1	1	0.1
搥	1	1	1	0.1
痼	1	1	1	0.1
痹	1	1	1	0.1
詡	1	1	1	0.1
碴	1	1	1	0.1
蜚	1	1	1	0.1
鋌	1	1	1	0.1
糗	1	1	1	0.1
嚓	1	1	1	0.1
臊	1	1	1	0.1
蹩	1	1	1	0.1
譭	1	1	1	0.1
衊	1	1	1	0.1
